              precision    recall  f1-score   support

           0       0.79      0.86      0.82      1000
           1       0.96      0.99      0.97      1000
           2       0.77      0.82      0.79      1000
           3       0.91      0.89      0.90      1000
           4       0.79      0.85      0.82      1000
           5       0.97      0.91      0.94      1000
           6       0.79      0.59      0.67      1000
           7       0.94      0.90      0.92      1000
           8       0.96      0.97      0.97      1000
           9       0.87      0.98      0.92      1000

    accuracy                           0.87     10000
   macro avg       0.88      0.87      0.87     10000
weighted avg       0.88      0.87      0.87     10000
