              precision    recall  f1-score   support

           0       0.83      0.81      0.82      1000
           1       0.98      0.97      0.98      1000
           2       0.79      0.82      0.81      1000
           3       0.87      0.93      0.90      1000
           4       0.83      0.79      0.81      1000
           5       0.95      0.91      0.93      1000
           6       0.71      0.69      0.70      1000
           7       0.94      0.87      0.91      1000
           8       0.97      0.97      0.97      1000
           9       0.87      0.98      0.92      1000

    accuracy                           0.87     10000
   macro avg       0.87      0.87      0.87     10000
weighted avg       0.87      0.87      0.87     10000
