              precision    recall  f1-score   support

           0       0.73      0.88      0.80       856
           1       0.95      0.97      0.96       843
           2       0.74      0.70      0.72       840
           3       0.89      0.78      0.83       836
           4       0.59      0.89      0.71       831
           5       0.98      0.85      0.91       836
           6       0.69      0.31      0.43       827
           7       0.88      0.90      0.89       847
           8       0.95      0.93      0.94       846
           9       0.86      0.95      0.90       838

    accuracy                           0.82      8400
   macro avg       0.83      0.82      0.81      8400
weighted avg       0.83      0.82      0.81      8400
